=== Merge Sort ===
+  Comparisons: 8690
+  Swaps: 9976
+  Runtime (ns): 373400
+  Sorted Array: [2047, 2168, 3428, 3618, 3684, 4202, 4384, 5022, 5558, 8557, 9049, 13292, 13572, 14708, 14987, 15227, 15483, 17216, 17903, 18008, 21123, 21292, 21571, 22405, 23169, 24960, 25471, 26570, 29700, 31157, 32499, 34369, 34419, 35146, 35552, 35658, 41572, 42848, 42871, 43176, 43858, 44485, 45298, 48320, 50215, 51165, 51509, 51855, 52010, 52331, 52736, 53344, 57707, 59326, 60341, 62742, 64128, 65059, 65209, 66385, 67133, 67651, 68655, 72757, 72842, 74027, 75082, 76132, 80546, 80665, 83232, 84205, 84959, 88225, 88790, 92221, 92607, 93505, 93963, 97403, 98392, 100916, 101062, 101935, 102429, 104298, 107546, 108105, 108186, 112718, 114435, 114761, 115475, 115726, 116635, 117705, 119413, 119711, 120150, 121035, 122483, 123923, 124262, 124676, 124712, 126214, 126528, 126769, 127697, 128048, 128084, 128482, 128578, 131193, 133759, 136535, 136863, 138647, 139001, 139106, 140493, 141460, 141919, 142127, 142447, 143649, 143695, 144330, 145303, 145444, 148337, 148962, 149885, 152019, 152780, 154156, 154178, 154278, 155431, 155470, 157121, 157476, 159399, 159606, 161934, 163482, 163600, 164767, 166466, 169002, 170343, 170689, 171759, 171822, 173507, 174451, 174774, 176063, 176620, 177321, 177408, 178497, 180543, 181232, 182567, 185399, 186058, 186884, 188391, 189124, 189429, 189798, 192555, 197119, 200615, 200752, 200946, 201383, 202766, 203385, 203723, 204638, 204712, 204992, 205480, 206463, 207431, 208742, 209056, 209744, 210278, 211105, 212744, 213077, 213332, 213402, 214023, 214122, 215305, 216864, 217605, 217653, 218026, 221040, 221499, 222206, 222934, 224665, 226361, 226874, 227030, 228732, 229499, 231055, 232289, 232485, 232879, 238720, 240085, 240360, 240852, 241684, 242970, 243541, 243633, 243797, 244307, 244976, 246873, 246874, 246876, 249309, 249428, 250092, 250943, 251148, 251511, 251828, 252471, 252603, 252781, 254647, 255047, 255943, 256565, 256610, 257856, 258748, 259707, 262924, 263193, 264487, 264796, 265758, 267104, 269145, 271665, 273647, 274451, 275551, 277017, 277923, 279426, 281518, 284248, 285169, 285981, 286486, 286688, 287968, 288383, 288394, 289625, 290007, 292969, 293188, 293592, 295052, 295165, 295359, 296461, 296779, 296823, 297854, 299643, 300140, 303039, 303524, 304628, 305815, 305819, 306237, 307617, 308393, 308809, 310909, 311435, 311507, 311621, 312173, 312268, 313338, 314442, 314618, 314792, 316046, 316843, 317605, 318739, 319957, 321203, 324867, 324900, 324927, 325263, 325831, 326651, 327406, 327852, 329620, 329903, 329909, 330478, 330789, 332412, 332761, 334209, 335166, 335442, 336452, 337462, 338325, 338819, 339604, 340685, 342199, 342247, 343042, 343440, 343674, 347095, 347236, 347299, 348468, 350435, 353419, 353428, 354692, 354798, 355072, 356050, 356832, 356884, 357722, 361853, 362348, 362658, 366138, 366275, 366462, 367503, 367843, 367904, 368370, 370370, 371509, 373912, 374209, 374469, 377514, 378601, 379549, 381132, 381531, 382919, 383218, 384365, 384819, 386550, 388719, 391405, 394880, 394925, 395391, 395582, 396253, 398896, 401074, 402506, 404446, 404518, 405822, 409129, 409621, 409683, 409761, 410777, 411388, 414673, 414811, 416970, 419570, 420977, 421357, 422362, 423328, 423879, 424509, 424610, 424663, 427123, 427258, 427656, 428149, 428911, 428965, 429112, 430473, 432170, 432285, 433314, 434300, 435984, 436430, 437465, 439784, 440498, 441825, 442169, 442457, 442824, 442887, 443072, 445003, 446003, 448466, 450020, 450266, 450640, 453993, 456005, 456927, 457000, 458972, 459354, 460003, 462145, 469592, 470466, 471057, 474196, 474896, 478861, 480018, 481737, 482586, 482760, 482845, 483047, 483233, 484842, 485092, 485317, 486560, 486691, 487703, 488952, 489073, 491356, 493022, 493149, 496964, 500747, 501091, 502545, 502854, 503804, 505793, 506187, 508949, 509205, 509261, 510116, 510375, 511728, 512578, 512944, 512978, 514523, 514841, 515165, 515593, 516092, 516169, 516505, 518091, 518377, 520388, 521060, 521216, 521630, 522261, 522575, 523674, 524390, 527533, 527595, 528379, 532762, 533474, 533813, 534148, 536024, 536105, 536700, 536960, 539472, 541625, 543052, 543055, 544098, 544681, 546976, 547414, 547953, 548232, 548897, 549030, 549918, 550636, 550649, 551821, 552128, 552270, 552590, 552972, 555544, 556604, 557097, 557234, 557408, 557556, 558144, 558604, 559967, 562149, 562637, 565448, 566607, 567908, 571198, 571370, 571394, 573541, 574017, 574665, 575281, 575456, 575739, 575894, 578174, 579104, 579851, 580683, 581194, 582198, 582400, 582592, 585091, 585656, 586859, 588520, 589114, 590195, 591830, 593240, 595147, 595457, 596047, 596598, 597027, 597616, 598935, 599105, 599563, 602411, 602733, 603199, 603848, 604473, 605217, 610428, 611404, 612048, 613111, 613121, 615222, 616438, 616646, 617914, 618019, 619819, 619909, 620426, 620546, 620902, 621771, 621828, 621911, 622896, 622980, 624606, 625083, 625356, 625539, 627917, 628503, 628965, 630397, 631371, 631388, 632215, 636043, 637275, 638952, 640443, 641114, 642489, 644774, 644840, 644897, 646108, 646789, 647412, 648041, 649586, 651812, 652028, 652558, 653286, 656276, 656518, 658121, 660523, 660937, 661052, 662645, 662737, 664030, 665431, 667200, 669569, 671805, 672465, 673676, 675179, 675363, 675565, 676108, 677359, 677729, 678126, 681334, 682825, 686884, 687536, 690273, 691656, 692907, 694348, 695715, 697818, 699306, 700923, 701605, 703745, 704045, 705001, 705142, 707647, 708150, 708359, 708587, 709322, 709339, 710318, 712605, 714966, 715231, 717981, 722185, 722484, 722703, 723494, 724458, 725098, 726009, 726388, 728355, 730621, 732051, 732097, 732955, 735357, 735526, 736556, 737736, 738114, 740500, 740891, 741947, 742380, 742564, 742830, 743366, 743556, 744166, 744177, 744808, 745042, 745180, 745266, 745395, 746125, 747585, 748198, 748811, 749563, 749739, 751200, 751973, 752965, 753132, 753278, 757540, 758609, 761251, 761397, 762030, 762638, 764227, 765099, 765280, 766927, 767176, 767589, 768339, 770302, 770768, 772022, 772456, 776293, 776762, 777451, 778229, 779487, 781114, 783530, 786338, 786575, 786621, 787854, 788340, 789473, 790308, 793136, 794657, 794917, 794934, 795681, 795872, 796352, 798327, 799506, 800459, 800847, 801870, 803774, 803804, 804093, 804314, 806359, 806467, 807156, 807168, 807384, 810061, 810325, 810942, 812095, 813936, 814989, 816320, 816643, 817147, 818159, 818976, 820148, 820488, 821556, 822181, 823978, 824355, 824918, 825350, 825566, 826233, 826810, 827006, 827059, 827460, 827770, 829896, 831167, 832342, 833746, 834418, 834583, 835818, 836925, 839161, 839428, 839534, 841023, 842516, 842673, 843097, 843661, 843791, 844142, 845826, 846019, 846441, 846809, 847617, 847881, 849171, 849572, 850630, 852204, 852921, 854766, 856003, 856054, 856688, 857336, 858611, 858835, 859502, 859872, 860351, 860551, 860920, 860990, 861882, 864610, 864899, 865443, 866316, 866431, 866752, 866858, 867563, 869017, 869424, 870363, 872292, 872844, 873296, 874677, 875302, 876171, 876452, 876882, 879659, 880445, 882616, 883198, 884101, 886232, 887585, 887747, 888852, 888986, 889036, 889261, 893253, 893326, 893972, 895811, 896046, 897108, 898668, 899168, 899601, 901216, 901922, 903929, 904905, 905270, 906556, 906679, 907452, 908101, 908664, 909412, 912099, 913554, 914506, 914947, 916950, 917666, 917855, 918090, 918134, 920785, 922828, 923193, 923438, 924323, 925748, 926795, 929219, 929614, 929690, 930092, 930172, 930817, 931764, 932470, 935211, 935470, 935733, 940010, 940080, 940093, 940138, 940801, 942180, 942680, 943670, 943992, 944053, 944354, 945123, 946129, 947627, 947764, 948017, 949385, 949488, 950084, 950250, 950840, 954425, 955877, 956062, 957515, 961062, 962134, 963037, 963867, 964993, 965163, 965697, 967224, 967325, 968658, 971049, 971924, 974227, 974422, 975075, 975086, 975402, 977240, 977708, 978726, 979262, 980576, 981368, 981745, 983584, 984148, 984266, 984652, 984704, 985116, 985541, 985617, 985958, 988190, 988891, 989927, 990504, 995774, 996582, 997663, 998338, 998731]

=== Bubble Sort ===
+  Comparisons: 497960
+  Swaps: 242099
+  Runtime (ns): 3394700
+  Sorted Array: [2047, 2168, 3428, 3618, 3684, 4202, 4384, 5022, 5558, 8557, 9049, 13292, 13572, 14708, 14987, 15227, 15483, 17216, 17903, 18008, 21123, 21292, 21571, 22405, 23169, 24960, 25471, 26570, 29700, 31157, 32499, 34369, 34419, 35146, 35552, 35658, 41572, 42848, 42871, 43176, 43858, 44485, 45298, 48320, 50215, 51165, 51509, 51855, 52010, 52331, 52736, 53344, 57707, 59326, 60341, 62742, 64128, 65059, 65209, 66385, 67133, 67651, 68655, 72757, 72842, 74027, 75082, 76132, 80546, 80665, 83232, 84205, 84959, 88225, 88790, 92221, 92607, 93505, 93963, 97403, 98392, 100916, 101062, 101935, 102429, 104298, 107546, 108105, 108186, 112718, 114435, 114761, 115475, 115726, 116635, 117705, 119413, 119711, 120150, 121035, 122483, 123923, 124262, 124676, 124712, 126214, 126528, 126769, 127697, 128048, 128084, 128482, 128578, 131193, 133759, 136535, 136863, 138647, 139001, 139106, 140493, 141460, 141919, 142127, 142447, 143649, 143695, 144330, 145303, 145444, 148337, 148962, 149885, 152019, 152780, 154156, 154178, 154278, 155431, 155470, 157121, 157476, 159399, 159606, 161934, 163482, 163600, 164767, 166466, 169002, 170343, 170689, 171759, 171822, 173507, 174451, 174774, 176063, 176620, 177321, 177408, 178497, 180543, 181232, 182567, 185399, 186058, 186884, 188391, 189124, 189429, 189798, 192555, 197119, 200615, 200752, 200946, 201383, 202766, 203385, 203723, 204638, 204712, 204992, 205480, 206463, 207431, 208742, 209056, 209744, 210278, 211105, 212744, 213077, 213332, 213402, 214023, 214122, 215305, 216864, 217605, 217653, 218026, 221040, 221499, 222206, 222934, 224665, 226361, 226874, 227030, 228732, 229499, 231055, 232289, 232485, 232879, 238720, 240085, 240360, 240852, 241684, 242970, 243541, 243633, 243797, 244307, 244976, 246873, 246874, 246876, 249309, 249428, 250092, 250943, 251148, 251511, 251828, 252471, 252603, 252781, 254647, 255047, 255943, 256565, 256610, 257856, 258748, 259707, 262924, 263193, 264487, 264796, 265758, 267104, 269145, 271665, 273647, 274451, 275551, 277017, 277923, 279426, 281518, 284248, 285169, 285981, 286486, 286688, 287968, 288383, 288394, 289625, 290007, 292969, 293188, 293592, 295052, 295165, 295359, 296461, 296779, 296823, 297854, 299643, 300140, 303039, 303524, 304628, 305815, 305819, 306237, 307617, 308393, 308809, 310909, 311435, 311507, 311621, 312173, 312268, 313338, 314442, 314618, 314792, 316046, 316843, 317605, 318739, 319957, 321203, 324867, 324900, 324927, 325263, 325831, 326651, 327406, 327852, 329620, 329903, 329909, 330478, 330789, 332412, 332761, 334209, 335166, 335442, 336452, 337462, 338325, 338819, 339604, 340685, 342199, 342247, 343042, 343440, 343674, 347095, 347236, 347299, 348468, 350435, 353419, 353428, 354692, 354798, 355072, 356050, 356832, 356884, 357722, 361853, 362348, 362658, 366138, 366275, 366462, 367503, 367843, 367904, 368370, 370370, 371509, 373912, 374209, 374469, 377514, 378601, 379549, 381132, 381531, 382919, 383218, 384365, 384819, 386550, 388719, 391405, 394880, 394925, 395391, 395582, 396253, 398896, 401074, 402506, 404446, 404518, 405822, 409129, 409621, 409683, 409761, 410777, 411388, 414673, 414811, 416970, 419570, 420977, 421357, 422362, 423328, 423879, 424509, 424610, 424663, 427123, 427258, 427656, 428149, 428911, 428965, 429112, 430473, 432170, 432285, 433314, 434300, 435984, 436430, 437465, 439784, 440498, 441825, 442169, 442457, 442824, 442887, 443072, 445003, 446003, 448466, 450020, 450266, 450640, 453993, 456005, 456927, 457000, 458972, 459354, 460003, 462145, 469592, 470466, 471057, 474196, 474896, 478861, 480018, 481737, 482586, 482760, 482845, 483047, 483233, 484842, 485092, 485317, 486560, 486691, 487703, 488952, 489073, 491356, 493022, 493149, 496964, 500747, 501091, 502545, 502854, 503804, 505793, 506187, 508949, 509205, 509261, 510116, 510375, 511728, 512578, 512944, 512978, 514523, 514841, 515165, 515593, 516092, 516169, 516505, 518091, 518377, 520388, 521060, 521216, 521630, 522261, 522575, 523674, 524390, 527533, 527595, 528379, 532762, 533474, 533813, 534148, 536024, 536105, 536700, 536960, 539472, 541625, 543052, 543055, 544098, 544681, 546976, 547414, 547953, 548232, 548897, 549030, 549918, 550636, 550649, 551821, 552128, 552270, 552590, 552972, 555544, 556604, 557097, 557234, 557408, 557556, 558144, 558604, 559967, 562149, 562637, 565448, 566607, 567908, 571198, 571370, 571394, 573541, 574017, 574665, 575281, 575456, 575739, 575894, 578174, 579104, 579851, 580683, 581194, 582198, 582400, 582592, 585091, 585656, 586859, 588520, 589114, 590195, 591830, 593240, 595147, 595457, 596047, 596598, 597027, 597616, 598935, 599105, 599563, 602411, 602733, 603199, 603848, 604473, 605217, 610428, 611404, 612048, 613111, 613121, 615222, 616438, 616646, 617914, 618019, 619819, 619909, 620426, 620546, 620902, 621771, 621828, 621911, 622896, 622980, 624606, 625083, 625356, 625539, 627917, 628503, 628965, 630397, 631371, 631388, 632215, 636043, 637275, 638952, 640443, 641114, 642489, 644774, 644840, 644897, 646108, 646789, 647412, 648041, 649586, 651812, 652028, 652558, 653286, 656276, 656518, 658121, 660523, 660937, 661052, 662645, 662737, 664030, 665431, 667200, 669569, 671805, 672465, 673676, 675179, 675363, 675565, 676108, 677359, 677729, 678126, 681334, 682825, 686884, 687536, 690273, 691656, 692907, 694348, 695715, 697818, 699306, 700923, 701605, 703745, 704045, 705001, 705142, 707647, 708150, 708359, 708587, 709322, 709339, 710318, 712605, 714966, 715231, 717981, 722185, 722484, 722703, 723494, 724458, 725098, 726009, 726388, 728355, 730621, 732051, 732097, 732955, 735357, 735526, 736556, 737736, 738114, 740500, 740891, 741947, 742380, 742564, 742830, 743366, 743556, 744166, 744177, 744808, 745042, 745180, 745266, 745395, 746125, 747585, 748198, 748811, 749563, 749739, 751200, 751973, 752965, 753132, 753278, 757540, 758609, 761251, 761397, 762030, 762638, 764227, 765099, 765280, 766927, 767176, 767589, 768339, 770302, 770768, 772022, 772456, 776293, 776762, 777451, 778229, 779487, 781114, 783530, 786338, 786575, 786621, 787854, 788340, 789473, 790308, 793136, 794657, 794917, 794934, 795681, 795872, 796352, 798327, 799506, 800459, 800847, 801870, 803774, 803804, 804093, 804314, 806359, 806467, 807156, 807168, 807384, 810061, 810325, 810942, 812095, 813936, 814989, 816320, 816643, 817147, 818159, 818976, 820148, 820488, 821556, 822181, 823978, 824355, 824918, 825350, 825566, 826233, 826810, 827006, 827059, 827460, 827770, 829896, 831167, 832342, 833746, 834418, 834583, 835818, 836925, 839161, 839428, 839534, 841023, 842516, 842673, 843097, 843661, 843791, 844142, 845826, 846019, 846441, 846809, 847617, 847881, 849171, 849572, 850630, 852204, 852921, 854766, 856003, 856054, 856688, 857336, 858611, 858835, 859502, 859872, 860351, 860551, 860920, 860990, 861882, 864610, 864899, 865443, 866316, 866431, 866752, 866858, 867563, 869017, 869424, 870363, 872292, 872844, 873296, 874677, 875302, 876171, 876452, 876882, 879659, 880445, 882616, 883198, 884101, 886232, 887585, 887747, 888852, 888986, 889036, 889261, 893253, 893326, 893972, 895811, 896046, 897108, 898668, 899168, 899601, 901216, 901922, 903929, 904905, 905270, 906556, 906679, 907452, 908101, 908664, 909412, 912099, 913554, 914506, 914947, 916950, 917666, 917855, 918090, 918134, 920785, 922828, 923193, 923438, 924323, 925748, 926795, 929219, 929614, 929690, 930092, 930172, 930817, 931764, 932470, 935211, 935470, 935733, 940010, 940080, 940093, 940138, 940801, 942180, 942680, 943670, 943992, 944053, 944354, 945123, 946129, 947627, 947764, 948017, 949385, 949488, 950084, 950250, 950840, 954425, 955877, 956062, 957515, 961062, 962134, 963037, 963867, 964993, 965163, 965697, 967224, 967325, 968658, 971049, 971924, 974227, 974422, 975075, 975086, 975402, 977240, 977708, 978726, 979262, 980576, 981368, 981745, 983584, 984148, 984266, 984652, 984704, 985116, 985541, 985617, 985958, 988190, 988891, 989927, 990504, 995774, 996582, 997663, 998338, 998731]

=== Selection Sort ===
+  Comparisons: 499500
+  Swaps: 995
+  Runtime (ns): 1841200
+  Sorted Array: [2047, 2168, 3428, 3618, 3684, 4202, 4384, 5022, 5558, 8557, 9049, 13292, 13572, 14708, 14987, 15227, 15483, 17216, 17903, 18008, 21123, 21292, 21571, 22405, 23169, 24960, 25471, 26570, 29700, 31157, 32499, 34369, 34419, 35146, 35552, 35658, 41572, 42848, 42871, 43176, 43858, 44485, 45298, 48320, 50215, 51165, 51509, 51855, 52010, 52331, 52736, 53344, 57707, 59326, 60341, 62742, 64128, 65059, 65209, 66385, 67133, 67651, 68655, 72757, 72842, 74027, 75082, 76132, 80546, 80665, 83232, 84205, 84959, 88225, 88790, 92221, 92607, 93505, 93963, 97403, 98392, 100916, 101062, 101935, 102429, 104298, 107546, 108105, 108186, 112718, 114435, 114761, 115475, 115726, 116635, 117705, 119413, 119711, 120150, 121035, 122483, 123923, 124262, 124676, 124712, 126214, 126528, 126769, 127697, 128048, 128084, 128482, 128578, 131193, 133759, 136535, 136863, 138647, 139001, 139106, 140493, 141460, 141919, 142127, 142447, 143649, 143695, 144330, 145303, 145444, 148337, 148962, 149885, 152019, 152780, 154156, 154178, 154278, 155431, 155470, 157121, 157476, 159399, 159606, 161934, 163482, 163600, 164767, 166466, 169002, 170343, 170689, 171759, 171822, 173507, 174451, 174774, 176063, 176620, 177321, 177408, 178497, 180543, 181232, 182567, 185399, 186058, 186884, 188391, 189124, 189429, 189798, 192555, 197119, 200615, 200752, 200946, 201383, 202766, 203385, 203723, 204638, 204712, 204992, 205480, 206463, 207431, 208742, 209056, 209744, 210278, 211105, 212744, 213077, 213332, 213402, 214023, 214122, 215305, 216864, 217605, 217653, 218026, 221040, 221499, 222206, 222934, 224665, 226361, 226874, 227030, 228732, 229499, 231055, 232289, 232485, 232879, 238720, 240085, 240360, 240852, 241684, 242970, 243541, 243633, 243797, 244307, 244976, 246873, 246874, 246876, 249309, 249428, 250092, 250943, 251148, 251511, 251828, 252471, 252603, 252781, 254647, 255047, 255943, 256565, 256610, 257856, 258748, 259707, 262924, 263193, 264487, 264796, 265758, 267104, 269145, 271665, 273647, 274451, 275551, 277017, 277923, 279426, 281518, 284248, 285169, 285981, 286486, 286688, 287968, 288383, 288394, 289625, 290007, 292969, 293188, 293592, 295052, 295165, 295359, 296461, 296779, 296823, 297854, 299643, 300140, 303039, 303524, 304628, 305815, 305819, 306237, 307617, 308393, 308809, 310909, 311435, 311507, 311621, 312173, 312268, 313338, 314442, 314618, 314792, 316046, 316843, 317605, 318739, 319957, 321203, 324867, 324900, 324927, 325263, 325831, 326651, 327406, 327852, 329620, 329903, 329909, 330478, 330789, 332412, 332761, 334209, 335166, 335442, 336452, 337462, 338325, 338819, 339604, 340685, 342199, 342247, 343042, 343440, 343674, 347095, 347236, 347299, 348468, 350435, 353419, 353428, 354692, 354798, 355072, 356050, 356832, 356884, 357722, 361853, 362348, 362658, 366138, 366275, 366462, 367503, 367843, 367904, 368370, 370370, 371509, 373912, 374209, 374469, 377514, 378601, 379549, 381132, 381531, 382919, 383218, 384365, 384819, 386550, 388719, 391405, 394880, 394925, 395391, 395582, 396253, 398896, 401074, 402506, 404446, 404518, 405822, 409129, 409621, 409683, 409761, 410777, 411388, 414673, 414811, 416970, 419570, 420977, 421357, 422362, 423328, 423879, 424509, 424610, 424663, 427123, 427258, 427656, 428149, 428911, 428965, 429112, 430473, 432170, 432285, 433314, 434300, 435984, 436430, 437465, 439784, 440498, 441825, 442169, 442457, 442824, 442887, 443072, 445003, 446003, 448466, 450020, 450266, 450640, 453993, 456005, 456927, 457000, 458972, 459354, 460003, 462145, 469592, 470466, 471057, 474196, 474896, 478861, 480018, 481737, 482586, 482760, 482845, 483047, 483233, 484842, 485092, 485317, 486560, 486691, 487703, 488952, 489073, 491356, 493022, 493149, 496964, 500747, 501091, 502545, 502854, 503804, 505793, 506187, 508949, 509205, 509261, 510116, 510375, 511728, 512578, 512944, 512978, 514523, 514841, 515165, 515593, 516092, 516169, 516505, 518091, 518377, 520388, 521060, 521216, 521630, 522261, 522575, 523674, 524390, 527533, 527595, 528379, 532762, 533474, 533813, 534148, 536024, 536105, 536700, 536960, 539472, 541625, 543052, 543055, 544098, 544681, 546976, 547414, 547953, 548232, 548897, 549030, 549918, 550636, 550649, 551821, 552128, 552270, 552590, 552972, 555544, 556604, 557097, 557234, 557408, 557556, 558144, 558604, 559967, 562149, 562637, 565448, 566607, 567908, 571198, 571370, 571394, 573541, 574017, 574665, 575281, 575456, 575739, 575894, 578174, 579104, 579851, 580683, 581194, 582198, 582400, 582592, 585091, 585656, 586859, 588520, 589114, 590195, 591830, 593240, 595147, 595457, 596047, 596598, 597027, 597616, 598935, 599105, 599563, 602411, 602733, 603199, 603848, 604473, 605217, 610428, 611404, 612048, 613111, 613121, 615222, 616438, 616646, 617914, 618019, 619819, 619909, 620426, 620546, 620902, 621771, 621828, 621911, 622896, 622980, 624606, 625083, 625356, 625539, 627917, 628503, 628965, 630397, 631371, 631388, 632215, 636043, 637275, 638952, 640443, 641114, 642489, 644774, 644840, 644897, 646108, 646789, 647412, 648041, 649586, 651812, 652028, 652558, 653286, 656276, 656518, 658121, 660523, 660937, 661052, 662645, 662737, 664030, 665431, 667200, 669569, 671805, 672465, 673676, 675179, 675363, 675565, 676108, 677359, 677729, 678126, 681334, 682825, 686884, 687536, 690273, 691656, 692907, 694348, 695715, 697818, 699306, 700923, 701605, 703745, 704045, 705001, 705142, 707647, 708150, 708359, 708587, 709322, 709339, 710318, 712605, 714966, 715231, 717981, 722185, 722484, 722703, 723494, 724458, 725098, 726009, 726388, 728355, 730621, 732051, 732097, 732955, 735357, 735526, 736556, 737736, 738114, 740500, 740891, 741947, 742380, 742564, 742830, 743366, 743556, 744166, 744177, 744808, 745042, 745180, 745266, 745395, 746125, 747585, 748198, 748811, 749563, 749739, 751200, 751973, 752965, 753132, 753278, 757540, 758609, 761251, 761397, 762030, 762638, 764227, 765099, 765280, 766927, 767176, 767589, 768339, 770302, 770768, 772022, 772456, 776293, 776762, 777451, 778229, 779487, 781114, 783530, 786338, 786575, 786621, 787854, 788340, 789473, 790308, 793136, 794657, 794917, 794934, 795681, 795872, 796352, 798327, 799506, 800459, 800847, 801870, 803774, 803804, 804093, 804314, 806359, 806467, 807156, 807168, 807384, 810061, 810325, 810942, 812095, 813936, 814989, 816320, 816643, 817147, 818159, 818976, 820148, 820488, 821556, 822181, 823978, 824355, 824918, 825350, 825566, 826233, 826810, 827006, 827059, 827460, 827770, 829896, 831167, 832342, 833746, 834418, 834583, 835818, 836925, 839161, 839428, 839534, 841023, 842516, 842673, 843097, 843661, 843791, 844142, 845826, 846019, 846441, 846809, 847617, 847881, 849171, 849572, 850630, 852204, 852921, 854766, 856003, 856054, 856688, 857336, 858611, 858835, 859502, 859872, 860351, 860551, 860920, 860990, 861882, 864610, 864899, 865443, 866316, 866431, 866752, 866858, 867563, 869017, 869424, 870363, 872292, 872844, 873296, 874677, 875302, 876171, 876452, 876882, 879659, 880445, 882616, 883198, 884101, 886232, 887585, 887747, 888852, 888986, 889036, 889261, 893253, 893326, 893972, 895811, 896046, 897108, 898668, 899168, 899601, 901216, 901922, 903929, 904905, 905270, 906556, 906679, 907452, 908101, 908664, 909412, 912099, 913554, 914506, 914947, 916950, 917666, 917855, 918090, 918134, 920785, 922828, 923193, 923438, 924323, 925748, 926795, 929219, 929614, 929690, 930092, 930172, 930817, 931764, 932470, 935211, 935470, 935733, 940010, 940080, 940093, 940138, 940801, 942180, 942680, 943670, 943992, 944053, 944354, 945123, 946129, 947627, 947764, 948017, 949385, 949488, 950084, 950250, 950840, 954425, 955877, 956062, 957515, 961062, 962134, 963037, 963867, 964993, 965163, 965697, 967224, 967325, 968658, 971049, 971924, 974227, 974422, 975075, 975086, 975402, 977240, 977708, 978726, 979262, 980576, 981368, 981745, 983584, 984148, 984266, 984652, 984704, 985116, 985541, 985617, 985958, 988190, 988891, 989927, 990504, 995774, 996582, 997663, 998338, 998731]

=== Insertion Sort ===
+  Comparisons: 242099
+  Swaps: 242099
+  Runtime (ns): 1851900
+  Sorted Array: [2047, 2168, 3428, 3618, 3684, 4202, 4384, 5022, 5558, 8557, 9049, 13292, 13572, 14708, 14987, 15227, 15483, 17216, 17903, 18008, 21123, 21292, 21571, 22405, 23169, 24960, 25471, 26570, 29700, 31157, 32499, 34369, 34419, 35146, 35552, 35658, 41572, 42848, 42871, 43176, 43858, 44485, 45298, 48320, 50215, 51165, 51509, 51855, 52010, 52331, 52736, 53344, 57707, 59326, 60341, 62742, 64128, 65059, 65209, 66385, 67133, 67651, 68655, 72757, 72842, 74027, 75082, 76132, 80546, 80665, 83232, 84205, 84959, 88225, 88790, 92221, 92607, 93505, 93963, 97403, 98392, 100916, 101062, 101935, 102429, 104298, 107546, 108105, 108186, 112718, 114435, 114761, 115475, 115726, 116635, 117705, 119413, 119711, 120150, 121035, 122483, 123923, 124262, 124676, 124712, 126214, 126528, 126769, 127697, 128048, 128084, 128482, 128578, 131193, 133759, 136535, 136863, 138647, 139001, 139106, 140493, 141460, 141919, 142127, 142447, 143649, 143695, 144330, 145303, 145444, 148337, 148962, 149885, 152019, 152780, 154156, 154178, 154278, 155431, 155470, 157121, 157476, 159399, 159606, 161934, 163482, 163600, 164767, 166466, 169002, 170343, 170689, 171759, 171822, 173507, 174451, 174774, 176063, 176620, 177321, 177408, 178497, 180543, 181232, 182567, 185399, 186058, 186884, 188391, 189124, 189429, 189798, 192555, 197119, 200615, 200752, 200946, 201383, 202766, 203385, 203723, 204638, 204712, 204992, 205480, 206463, 207431, 208742, 209056, 209744, 210278, 211105, 212744, 213077, 213332, 213402, 214023, 214122, 215305, 216864, 217605, 217653, 218026, 221040, 221499, 222206, 222934, 224665, 226361, 226874, 227030, 228732, 229499, 231055, 232289, 232485, 232879, 238720, 240085, 240360, 240852, 241684, 242970, 243541, 243633, 243797, 244307, 244976, 246873, 246874, 246876, 249309, 249428, 250092, 250943, 251148, 251511, 251828, 252471, 252603, 252781, 254647, 255047, 255943, 256565, 256610, 257856, 258748, 259707, 262924, 263193, 264487, 264796, 265758, 267104, 269145, 271665, 273647, 274451, 275551, 277017, 277923, 279426, 281518, 284248, 285169, 285981, 286486, 286688, 287968, 288383, 288394, 289625, 290007, 292969, 293188, 293592, 295052, 295165, 295359, 296461, 296779, 296823, 297854, 299643, 300140, 303039, 303524, 304628, 305815, 305819, 306237, 307617, 308393, 308809, 310909, 311435, 311507, 311621, 312173, 312268, 313338, 314442, 314618, 314792, 316046, 316843, 317605, 318739, 319957, 321203, 324867, 324900, 324927, 325263, 325831, 326651, 327406, 327852, 329620, 329903, 329909, 330478, 330789, 332412, 332761, 334209, 335166, 335442, 336452, 337462, 338325, 338819, 339604, 340685, 342199, 342247, 343042, 343440, 343674, 347095, 347236, 347299, 348468, 350435, 353419, 353428, 354692, 354798, 355072, 356050, 356832, 356884, 357722, 361853, 362348, 362658, 366138, 366275, 366462, 367503, 367843, 367904, 368370, 370370, 371509, 373912, 374209, 374469, 377514, 378601, 379549, 381132, 381531, 382919, 383218, 384365, 384819, 386550, 388719, 391405, 394880, 394925, 395391, 395582, 396253, 398896, 401074, 402506, 404446, 404518, 405822, 409129, 409621, 409683, 409761, 410777, 411388, 414673, 414811, 416970, 419570, 420977, 421357, 422362, 423328, 423879, 424509, 424610, 424663, 427123, 427258, 427656, 428149, 428911, 428965, 429112, 430473, 432170, 432285, 433314, 434300, 435984, 436430, 437465, 439784, 440498, 441825, 442169, 442457, 442824, 442887, 443072, 445003, 446003, 448466, 450020, 450266, 450640, 453993, 456005, 456927, 457000, 458972, 459354, 460003, 462145, 469592, 470466, 471057, 474196, 474896, 478861, 480018, 481737, 482586, 482760, 482845, 483047, 483233, 484842, 485092, 485317, 486560, 486691, 487703, 488952, 489073, 491356, 493022, 493149, 496964, 500747, 501091, 502545, 502854, 503804, 505793, 506187, 508949, 509205, 509261, 510116, 510375, 511728, 512578, 512944, 512978, 514523, 514841, 515165, 515593, 516092, 516169, 516505, 518091, 518377, 520388, 521060, 521216, 521630, 522261, 522575, 523674, 524390, 527533, 527595, 528379, 532762, 533474, 533813, 534148, 536024, 536105, 536700, 536960, 539472, 541625, 543052, 543055, 544098, 544681, 546976, 547414, 547953, 548232, 548897, 549030, 549918, 550636, 550649, 551821, 552128, 552270, 552590, 552972, 555544, 556604, 557097, 557234, 557408, 557556, 558144, 558604, 559967, 562149, 562637, 565448, 566607, 567908, 571198, 571370, 571394, 573541, 574017, 574665, 575281, 575456, 575739, 575894, 578174, 579104, 579851, 580683, 581194, 582198, 582400, 582592, 585091, 585656, 586859, 588520, 589114, 590195, 591830, 593240, 595147, 595457, 596047, 596598, 597027, 597616, 598935, 599105, 599563, 602411, 602733, 603199, 603848, 604473, 605217, 610428, 611404, 612048, 613111, 613121, 615222, 616438, 616646, 617914, 618019, 619819, 619909, 620426, 620546, 620902, 621771, 621828, 621911, 622896, 622980, 624606, 625083, 625356, 625539, 627917, 628503, 628965, 630397, 631371, 631388, 632215, 636043, 637275, 638952, 640443, 641114, 642489, 644774, 644840, 644897, 646108, 646789, 647412, 648041, 649586, 651812, 652028, 652558, 653286, 656276, 656518, 658121, 660523, 660937, 661052, 662645, 662737, 664030, 665431, 667200, 669569, 671805, 672465, 673676, 675179, 675363, 675565, 676108, 677359, 677729, 678126, 681334, 682825, 686884, 687536, 690273, 691656, 692907, 694348, 695715, 697818, 699306, 700923, 701605, 703745, 704045, 705001, 705142, 707647, 708150, 708359, 708587, 709322, 709339, 710318, 712605, 714966, 715231, 717981, 722185, 722484, 722703, 723494, 724458, 725098, 726009, 726388, 728355, 730621, 732051, 732097, 732955, 735357, 735526, 736556, 737736, 738114, 740500, 740891, 741947, 742380, 742564, 742830, 743366, 743556, 744166, 744177, 744808, 745042, 745180, 745266, 745395, 746125, 747585, 748198, 748811, 749563, 749739, 751200, 751973, 752965, 753132, 753278, 757540, 758609, 761251, 761397, 762030, 762638, 764227, 765099, 765280, 766927, 767176, 767589, 768339, 770302, 770768, 772022, 772456, 776293, 776762, 777451, 778229, 779487, 781114, 783530, 786338, 786575, 786621, 787854, 788340, 789473, 790308, 793136, 794657, 794917, 794934, 795681, 795872, 796352, 798327, 799506, 800459, 800847, 801870, 803774, 803804, 804093, 804314, 806359, 806467, 807156, 807168, 807384, 810061, 810325, 810942, 812095, 813936, 814989, 816320, 816643, 817147, 818159, 818976, 820148, 820488, 821556, 822181, 823978, 824355, 824918, 825350, 825566, 826233, 826810, 827006, 827059, 827460, 827770, 829896, 831167, 832342, 833746, 834418, 834583, 835818, 836925, 839161, 839428, 839534, 841023, 842516, 842673, 843097, 843661, 843791, 844142, 845826, 846019, 846441, 846809, 847617, 847881, 849171, 849572, 850630, 852204, 852921, 854766, 856003, 856054, 856688, 857336, 858611, 858835, 859502, 859872, 860351, 860551, 860920, 860990, 861882, 864610, 864899, 865443, 866316, 866431, 866752, 866858, 867563, 869017, 869424, 870363, 872292, 872844, 873296, 874677, 875302, 876171, 876452, 876882, 879659, 880445, 882616, 883198, 884101, 886232, 887585, 887747, 888852, 888986, 889036, 889261, 893253, 893326, 893972, 895811, 896046, 897108, 898668, 899168, 899601, 901216, 901922, 903929, 904905, 905270, 906556, 906679, 907452, 908101, 908664, 909412, 912099, 913554, 914506, 914947, 916950, 917666, 917855, 918090, 918134, 920785, 922828, 923193, 923438, 924323, 925748, 926795, 929219, 929614, 929690, 930092, 930172, 930817, 931764, 932470, 935211, 935470, 935733, 940010, 940080, 940093, 940138, 940801, 942180, 942680, 943670, 943992, 944053, 944354, 945123, 946129, 947627, 947764, 948017, 949385, 949488, 950084, 950250, 950840, 954425, 955877, 956062, 957515, 961062, 962134, 963037, 963867, 964993, 965163, 965697, 967224, 967325, 968658, 971049, 971924, 974227, 974422, 975075, 975086, 975402, 977240, 977708, 978726, 979262, 980576, 981368, 981745, 983584, 984148, 984266, 984652, 984704, 985116, 985541, 985617, 985958, 988190, 988891, 989927, 990504, 995774, 996582, 997663, 998338, 998731]

